mVert1=2.694879023302476
mVert2=1.1455831934909497
bVert=-73.36566910656754
mHori1=2.447221740538158
mHori2=-2.2315937758949502
bHori=-69.7511885011599
